#                   z   rho_mol_gas_A3COSMOS   rho_mol_gas_Tacconi2018   rho_mol_gas_Scoville2017  
  0.01834100101402747      2331760.201401839        2359668.1716079013          33626315.46300387  
  0.03701839434625165     15257602.736639779        13026556.348846963         111117348.61139472  
  0.05603834976852151     10040189.624323247         8606095.510994218          66329676.12924346  
  0.07540715021247801       5446498.88946645         4719207.758115198          41999701.99644202  
  0.09513119384501745     10839709.258706363         9420184.223941585          70022735.41880573  
  0.11521699618182213      7165566.606225449         6224173.119927043         47772785.934996314  
  0.13567119223965363      12126131.57623886        10433993.024163187           75828908.0411111  
  0.15650053872812375     16270016.234897207        13901985.217339642           92625747.8277922  
   0.1777119162816596      5013144.455971327         4246109.687068221          29583840.73107102  
  0.19931233173241392     10049882.818280522         8495353.422084285          56505977.44980188  
  0.22130892042485373      24312739.46685404        20529390.342208877         121887873.02743644  
    0.243708948572807      8676796.632553915          7254059.99776865         45779761.358140856  
   0.2665198156597359      27613660.53572899        22958540.748572577         135738219.08117467  
   0.2897490568830372      13412959.50203737        11067389.960350186          59905688.37084575  
   0.3134043456431701     12230940.071778957        10068349.880829008         57591438.712095894  
   0.3374934960784395     29397793.258384045         24144706.47946714         123715255.74137166  
   0.3620244656462701     21747392.743150566         17680258.76471548          89200152.94269308  
  0.38700535775181866     37028980.142148264        29988054.002021335         146782271.11228487  
  0.41244442442480644     18290775.681749508        14824578.724438936          68429582.94465408  
   0.4383500690454394     17502683.360399734        13918995.990445966          66578750.85052422  
  0.46473084912032836        27430154.150036        21897782.579433918          96677401.33309025  
   0.4915954791093218      26804423.90300492        21272416.489897784          91434536.87204048  
   0.5189528333041848      34708753.05888576        27279450.470455363         114386164.57297681  
   0.5468119487600773      38444826.26009563          30193486.7187336         122464351.66189657  
   0.5751820282807958     36930053.112958685        28835909.027444232         112922600.56672867  
   0.6040724434587719      40831786.75995731        31577421.553708807         123371625.30191943  
   0.6334927377708228     40048302.182924524        30812179.432145953         116215266.81177445  
   0.6634526297306846     38378967.171536945        29516585.957624864         107343451.46445766  
   0.6939620160993618      63007050.24245149          48113628.1540936          173492235.4260063  
   0.7250309751543644      37809030.88205993        28520952.259426236         101766442.59739536  
   0.7566697700188996      48376460.42766117            36761120.87054         125732827.29353595  
   0.7888888520521278      63811441.61653636         48575269.94201172         160360594.94992617  
   0.8216988643015988      51688397.27439831         38777690.21430913         128543881.72108994  
   0.8551106450190074      64418535.29852211         48551011.66011546          154387750.8809395  
   0.8891352312404344     66169701.551288754         49786747.23363796           155044360.158649  
   0.9237838624322503     47953346.895194635         35332021.17146046         113400603.77460639  
   0.9590679842038905       67668248.4209784         50467645.88443107         154120423.13750187  
    0.994999252088723       68836370.4916132        51361986.492477216         153287382.59242773  
   1.0315895353942666      74159014.20431042         55209129.85584455         162679115.41408786  
   1.0688509211230204      71607191.53220323         53023347.38961963         155167514.08669207  
   1.1067957179652095      62781210.01274595         45582429.29032803         136860588.89709806  
   1.1454364603647589      77280826.21496037         56169414.03058667         164634665.20938423  
   1.1847859126598408      73165494.93984567         53301686.34504072         153941384.86129037  
    1.224857073299368      65827848.56762359         47135842.84444174         138078691.77455866  
   1.2656631791368178       70725793.7854825          50348072.0084672         148000469.92043027  
   1.3072177098028113      64669780.83291384         45164821.02968505         135107693.91774905  
   1.3495343921578877      74253007.21680371         52526877.02152729          152118011.7734758  
    1.392627204826948       79181168.7268949         55476294.47164761         161543606.80220512  
    1.436510382816869      67636412.98035568         47087809.45780466           137149984.056111  
   1.4811984222188017      87790073.58986159          60959447.1537385         177155232.68588102  
   1.5267060849967211      75677318.35614404         52334653.07700984         151680738.05025405  
   1.5730484038637957     100638898.68206605         70267905.97769293         199664709.30626747  
   1.6202406872482036      72737066.32605498        49783869.014804214           145518277.551159  
    1.668298524350019       71710548.0236115         48383065.20619759         143214937.09886363  
   1.7172377902908509       90892424.7080737          62100307.7699347          180094934.3305856  
   1.7670746513579298      91034036.07078439         61415346.55125151         180858321.27422398  
   1.8178255703443758      99172692.68944374         68217299.25610852         194667914.27137777  
   1.8695073119874146      71724489.95996335         47616149.65369785         142838578.85706964  
   1.9221369485063353       88402460.8629026         58669286.23103155         176494121.10520527  
   1.9757318652420182      83545377.39850725         54979725.39575802         167170830.61334613  
   2.0303097663998964       81769695.8419824         53047881.35682942         165558281.73588094  
   2.0858886808982544       82990174.6325388         53629171.68464004         167630229.21179977  
   2.1424869683237855      74982733.64067894         47228202.52129861          153527581.6450558  
     2.20012332499638      69766720.16937743        43524107.053815134         143472156.80264562  
    2.258816790145153      76379137.82410048         46309890.94015493          159807910.5317877  
    2.318586752197735      86990173.05328403         54135278.44324488         181648373.26767704  
    2.379452955184932      68334812.39429621         39787501.64710819         145492307.54634106  
   2.4414355052628376      83453349.42753595        49031895.530566595         178019585.64237356  
   2.5045548773545736      74901404.98359334        43208155.494046405         161548070.71632463  
     2.56883192191385      81459667.11430311         46559122.87300498           177335979.629695  
   2.6342878718125657       84901774.8544145         47480381.92925866         187160608.30701143  
    2.700944349354748      82687601.54456575         44949774.74000507         185369050.36489424  
    2.768823373419123      77985881.92081591         40779252.75357765         177885696.32580468  
    2.837947366732695       80953148.9786123         41994692.46947411         186611163.29568952  
   2.9083391632777236      87824301.50405392         44797504.94357673         204896815.34101734  
    2.980022015834564      85676374.29802722        43019773.253449365         201783166.59367898  
    3.053019603662838      86379549.62119825         42437033.79064154         206763568.80987918  
    3.127356040323491      76095584.67315534         36631269.19014791          184872184.1058184  
   3.2030558816443184      71509358.74158491         34448061.68080658         174822762.50275338  
   3.2801441338315716      83770152.43668318        39628610.335737966         208484595.05730143  
   3.3586462617303603      71930136.63255076         33104478.98961758         182106003.14991498  
   3.4385881972365437      77362523.35271221        34947211.595584214         199605745.27056235  
   3.5199963478629117      69292631.53033082        30654938.478000637          180631825.8199704  
   3.6028976054624655      53785925.63258588        22905913.400308818         143125232.61507297  
   3.6873193551117183      73110035.84991166        31397534.038396955          196950239.2346166  
   3.7732894841568934      64938728.22732241        27084052.200429723          177894732.5668909  
   3.8608363914260613       59090795.6830114         23712193.90483672         165569084.74952525  
   3.9499889966102293      58253220.10785855        22748854.442005415         166104755.91921416  
    4.040776749816484     57451572.942381084         22058760.82670226         166135646.39781502  
    4.133229641296355     47770973.968980476        17333547.299131703          142195142.4854816  
    4.227378211352608     46368373.111146696        16596318.209376125          140169801.8684581  
    4.323253560427732     49276647.038278826        17465727.259985913          151240317.5710152  
    4.420887359377463     37460364.357546374        12569041.460032767         118253207.51007958  
    4.520311859932734      42582678.89184837        14303281.325788159         135929413.10207784  
    4.621559905353509     32425789.351908345        10304310.953593519         106358217.73440252  
    4.724664941278014      39566214.57372308        12518430.596733626         131772053.55108082  
    4.829661026770962      29735210.73115451         8878052.251844179          101788754.7413126  
   4.9365828455744065      30586314.54356268         9001522.557192441         106638861.31624414  
    5.045465717564945      27567755.51412068          7808253.92206047           98139248.6817715  
   5.1563456104210745     27727932.102838162         7660262.665381331          100890919.9177753  
    5.269259151504512     22803803.830438238         6054834.267644489          84740171.50039543  
   5.3842436399594575      23932306.72120402         6290023.399045084          90568632.97505645  
   5.5013370590337525     22080467.695270337         5491117.270109468          86059258.72416607  
    5.620578088626026     19122795.763677888         4573081.179780111          76423043.88182373  
    5.742006118062965     18694998.456472717         4296928.878737557          76453564.30037543  
    5.865661259110937      17157661.04606561         3878434.767455753          71427758.03162958  
   5.9915843592262625      15287205.87965604        3200937.6868051323          65761912.11787711  
    6.119817015048491     12482922.279162556         2619326.144559638          54605525.54573994  
   6.2504015861411855     10499603.288768718         2080671.702240703          47061559.78072641  
   6.3833812089847095      8108446.126882982         1521939.321344726          37637561.28996824  
    6.518799811225651      7750410.438641708        1457490.5125897494          36366237.20482544  
     6.65670212618761      6457216.084571612        1151160.5927274858          31219219.51612764  
    6.797133707648124      5136363.146057315         847979.6383699809          25508605.68631645  
    6.940140944886607      4354454.879911167         679734.5883080853           22229336.6228418  
    7.085771078008294     3086035.7387684225        472160.29608701984         16187126.688296657  
     7.23407221354924     2246190.5144111123        326072.23035931203         12092107.678915372  
    7.385093340367524     1447902.4267060217        191376.19737989779          8095098.488235388  
     7.53888434582592      1187143.155113913        153527.82366797814          6762310.525559634  
    7.695496032271379      719380.6865945194          86302.2897646104           4245532.97954387  
     7.85498013381674      566787.6617745502         66469.02882771855          3390065.187710633  
    8.017389333430268      365102.7725597568        41169.115333282134          2226347.539679457  
    8.182777280338593      314391.6182919767         33202.83491700423         1972770.1641923385  
    8.351198607748874      209795.2263784467        20476.607611587755          1366395.827280341  
    8.522708950895968      93137.42892632229         8100.236065193275          628800.5943505554  
    8.697364965420643      43569.23342771682        4044.9836450130383          295775.5674944259  
    8.875224346084817                    0.0                       0.0                        0.0  
    9.056345845830112                    0.0                       0.0                        0.0  
    9.240789295185893                    0.0                       0.0                        0.0  
    9.428615622033341                    0.0                       0.0                        0.0  
    9.619886871731957                    0.0                       0.0                        0.0  
    9.814666227615252                    0.0                       0.0                        0.0  
   10.013018031862313                    0.0                       0.0                        0.0  
   10.215007806752203                    0.0                       0.0                        0.0  
   10.420702276308171                    0.0                       0.0                        0.0  
   10.630169388338846                    0.0                       0.0                        0.0  
   10.843478336883688                    0.0                       0.0                        0.0  
   11.060699585070084                    0.0                       0.0                        0.0  
   11.281904888389736                    0.0                       0.0                        0.0  
   11.507167318401883                    0.0                       0.0                        0.0  
   11.736561286871304                    0.0                       0.0                        0.0  
   11.970162570349034                    0.0                       0.0                        0.0  
   12.208048335203909                    0.0                       0.0                        0.0  
   12.450297163113209                    0.0                       0.0                        0.0  
    12.69698907702084                    0.0                       0.0                        0.0  
    12.94820556757161                    0.0                       0.0                        0.0  
   13.204029620030306                    0.0                       0.0                        0.0  
    13.46454574169456                    0.0                       0.0                        0.0  
   13.729839989810428                    0.0                       0.0                        0.0  
